600 3703 001
 39 77886 40 79834 55 130338 69 55282 70 50319 75 71420 89 509114 109 91608 116 86502 133 86918 137 190845 175 74518 194 72620
 12 67039 23 56974 27 63570 31 46902 51 70394 53 45622 67 54732 69 62547 124 107221 193 83430 197 61764
 5 32096 22 31428 31 29921 51 36082 77 26855 102 76365 124 27866 174 37726 176 37062 193 33212
 10 49321 39 44656 70 65600 77 27300 79 67649 92 34117 104 108216 132 92436 139 45791 152 61467 154 21781 169 98974 194 38911
 3 32096 22 134004 27 49051 31 84951 40 60558 69 42136 70 44192 77 39708 102 38657 109 49968 133 53138 152 40766 174 31221 175 62645 176 111345
 9 38951 16 57158 30 31668 49 50382 112 34824 114 47684 141 46065 159 32287 171 47343 190 40552 196 24332
 19 62241 25 40506 53 30598 90 38740 91 39745 123 35419 134 102344 138 26858 153 35310 155 32014 183 36726
 37 57283 47 92219 86 34984 119 47698 126 39050 142 102951 158 35219 167 89814 179 61526 180 54688 182 44818 196 39518
 6 38951 16 63856 30 119866 32 113626 49 25261 65 129483 66 59747 74 70168 112 84254 114 121070 141 129756 159 187725 190 20298
 4 49321 39 106582 57 64840 61 68549 79 34560 92 20451 104 42830 105 63201 121 86731 132 45900 139 329710 160 121872 169 55340 194 111856 200 102134
 23 74239 43 195036 54 146670 80 83171 82 242412 96 67698 118 65331 125 254787 161 91611 166 478212
 2 67039 51 59127 53 71241 67 138187 90 64647 91 21978 123 55866 124 126907 155 51161 183 73455 193 69566 197 55840
 21 36582 28 125042 30 57054 32 53203 61 49376 63 51248 93 296984 120 60303 131 27880 135 48334 145 70162 148 34410 186 211118 199 59115
 45 176488 75 132933 76 67356 84 77350 88 74611 100 128218 105 88005 116 94515 130 85738 143 77968
 59 38487 64 160356 73 74811 81 145427 106 61151 108 284901 129 46643 136 64225 140 52878 144 129830 146 70902 165 110520 181 35674 191 45679
 6 57158 9 63856 30 41786 32 41039 49 27323 65 55244 74 51431 112 81893 114 133738 141 122626 158 23292 159 51006 171 40640 182 28673 190 23872 196 28699
 52 58672 58 46596 60 30120 71 28532 86 33347 87 51539 94 61373 99 20257 103 142427 147 30880 156 1243764 162 34910
 24 91159 46 55819 56 49461 68 54639 78 51318 85 206342 113 156896 126 50972 128 300981 147 36307 162 47953 168 147226
 7 62241 25 92188 34 45786 42 23560 53 34899 90 33823 91 24508 123 41915 134 77261 138 35520 153 72615 183 35448
 38 1265760 44 70988 78 67996 98 88951 117 324513 127 77325 157 167293 185 95319 195 94476 198 92677
 13 36582 28 45624 61 32663 63 66029 93 41061 131 78045 135 49683 148 162605 154 30867 186 44055
 3 31428 5 134004 27 75149 31 231176 40 71110 51 50811 69 58985 77 30709 102 33836 109 64160 133 68198 174 26389 175 67695 176 201357 193 46335
 2 56974 11 74239 29 93382 43 119196 53 51147 54 104068 80 77946 82 80966 123 43448 161 70636 166 74167 178 127851 197 123943
 18 91159 56 70242 78 57447 85 79395 110 88815 113 62008 128 83135 140 80990 168 206619 173 63632
 7 40506 19 92188 29 37271 34 63289 42 23536 53 45525 123 56183 134 56984 138 29120 153 59782 178 39187 183 39881
 44 191813 48 60814 56 119031 64 54250 78 76298 98 61402 136 56930 140 81837 144 55425 150 275209 165 62879 173 179440 185 100493
 2 63570 5 49051 22 75149 31 108162 40 71098 51 53933 55 78065 69 247990 109 96590 124 45573 133 93537 175 60435 176 62893 193 53420
 13 125042 21 45624 30 52344 32 46876 49 25069 63 85806 93 135949 120 43992 131 34847 135 45642 145 48313 148 39909 186 218972
 23 93382 25 37271 34 34691 43 72603 50 66045 54 89328 80 118283 82 69011 96 89407 118 71519 161 93183 178 192270 197 71619
 6 31668 9 119866 13 57054 16 41786 28 52344 32 336307 63 36017 65 85140 66 79077 93 48450 112 52728 114 60267 120 79187 141 62307 145 77792 159 140777 186 49401 199 58296
 2 46902 3 29921 5 84951 22 231176 27 108162 40 72165 51 58408 69 76400 102 30646 109 72634 133 76095 174 23948 175 65390 176 144426 193 53651
 9 113626 13 53203 16 41039 28 46876 30 336307 63 32799 65 100035 66 101996 74 60368 112 55896 114 59180 120 92565 141 61497 145 86657 159 177100 199 64406
 34 40431 42 41892 50 37484 73 40907 83 54422 101 186767 129 40177 138 23656 149 32851 163 15123 170 37115 191 34993
 19 45786 25 63289 29 34691 33 40431 42 34291 50 48366 83 35330 101 44339 138 33199 153 68076
 36 94947 48 100624 62 71502 76 64635 95 126640 107 78725 115 75730 164 73946 184 105643 189 102619 192 77263
 35 94947 41 69060 48 73451 62 289543 98 90730 107 165675 151 85222 164 75879 184 124616 189 243701
 8 57283 46 57046 47 94206 68 99787 119 130729 126 115065 142 129124 167 153881 179 209716 180 867742 182 25454
 20 1265760 44 69587 78 64976 98 93166 117 260284 127 73138 157 147810 185 95460 195 94526 198 95004
 1 77886 4 44656 10 106582 70 64835 89 91811 105 81810 116 72832 121 110504 137 68572 139 146571 160 108774 194 228380
 1 79834 5 60558 22 71110 27 71098 31 72165 55 99628 69 68507 70 63430 89 77553 109 180535 133 231158 152 35850 175 375287 176 52598
 36 69060 62 83172 66 87601 107 91687 120 78382 145 68740 151 289868 184 65343 189 72605 199 86620
 19 23560 25 23536 33 41892 34 34291 50 22723 83 24267 101 53455 129 23092 138 40986 153 34864 163 18200
 11 195036 23 119196 29 72603 54 246648 80 100817 82 214032 96 72614 125 112384 161 101886 166 178412 178 71642 197 60860
 20 70988 26 191813 38 69587 56 123222 78 102381 98 76226 117 80196 150 117207 157 72473 173 135792 185 166496
 14 176488 75 83097 76 103636 84 70288 95 85975 100 173592 116 62888 130 63369 164 75397 192 86605
 18 55819 37 57046 52 28364 60 20314 68 60708 85 56476 86 34414 87 34291 94 26592 103 33224 113 69651 126 59906 128 57196 142 42387 147 36206 162 84457 167 45764 179 61423 180 56886
 8 92219 37 94206 68 55379 119 92355 126 59946 127 42417 142 156931 158 26600 167 128962 179 79232 180 92179 182 33229 196 30376
 26 60814 35 100624 36 73451 62 61673 98 77463 115 65681 136 63713 150 67523 185 68362 189 63509
 6 50382 9 25261 16 27323 28 25069 63 30788 114 26318 131 28271 141 25915 171 27584 190 68888
 29 66045 33 37484 34 48366 42 22723 80 59026 83 65851 96 67489 97 79143 101 34797 118 62819 138 19736 149 91409 153 28567 161 55054 170 77917 188 94301
 2 70394 3 36082 12 59127 22 50811 27 53933 31 58408 67 42033 69 46385 102 29630 124 101380 174 21480 176 59731 193 357939
 17 58672 46 28364 58 68278 71 40462 86 63833 87 30537 94 365893 99 19131 103 77300 156 56672 162 29899
 2 45622 7 30598 12 71241 19 34899 23 51147 25 45525 67 144379 90 69221 91 22141 123 206216 124 49708 134 43416 155 40134 178 57557 183 103830 197 86645
 11 146670 23 104068 29 89328 43 246648 80 169401 82 291234 96 102742 118 88389 125 105114 161 171994 166 120787 178 78115 197 57296
 1 130338 27 78065 40 99628 69 96000 89 106156 109 186203 116 56056 133 151968 137 96806 175 81695
 18 49461 24 70242 26 119031 44 123222 78 144697 140 95059 150 86956 157 61007 168 69211 173 285300 185 71821
 10 64840 61 87434 84 75438 88 107409 121 72587 130 118248 139 65290 143 124442 160 87065 187 162254 200 125576
 17 46596 52 68278 71 73358 86 34865 87 24553 94 83116 99 26156 103 45052 156 44914 162 21699
 15 38487 72 31470 73 44625 81 45564 106 93499 108 43314 110 35534 129 75833 146 50653 163 16448 181 87578 191 107363
 17 30120 46 20314 72 18916 85 21289 87 47413 94 20233 99 15059 103 26838 128 20635 147 41276 156 30783 162 26744
 10 68549 13 49376 21 32663 57 87434 93 54348 130 50654 132 39426 135 90066 139 60268 143 51353 148 35679 160 59092 169 44731 186 48216 187 61378 200 163699
 35 71502 36 289543 41 83172 48 61673 98 95343 107 152062 151 101933 164 67745 184 98140 189 159738 198 47149
 13 51248 21 66029 28 85806 30 36017 32 32799 49 30788 93 55587 131 56297 135 38796 148 48899 186 65702 190 21286
 15 160356 26 54250 73 51332 81 76273 108 128768 110 48814 136 82081 140 73185 144 277348 146 66805 150 63784 165 302649 191 36171
 9 129483 16 55244 30 85140 32 100035 66 78456 74 141997 112 118754 114 88423 120 55861 141 95033 159 215077
 9 59747 30 79077 32 101996 41 87601 65 78456 74 62857 112 48066 120 145433 145 107892 151 67378 159 86652 199 95279
 2 54732 12 138187 51 42033 53 144379 90 81519 91 22810 123 93621 124 70701 134 38008 155 48851 183 117098 193 47342 197 71022
 18 54639 37 99787 46 60708 47 55379 85 45581 113 83329 119 125548 126 709624 127 72085 128 48432 142 57263 162 36481 167 60816 179 72567 180 111414
 1 55282 2 62547 5 42136 22 58985 27 247990 31 76400 40 68507 51 46385 55 96000 109 102754 133 94965 175 57992 176 50348 193 46873
 1 50319 4 65600 5 44192 39 64835 40 63430 77 30179 79 33307 89 54027 92 24391 104 41145 132 39578 133 50582 139 50797 152 63093 169 43157 175 75663 194 50503
 17 28532 52 40462 58 73358 86 29178 87 18452 94 43858 99 26497 103 28514 156 27892 162 17237
 59 31470 60 18916 73 18771 106 24148 110 19114 129 23783 146 20709 163 24255 181 30961 191 25673
 15 74811 33 40907 59 44625 64 51332 72 18771 81 147276 83 50427 101 33698 106 56340 108 71819 129 85155 144 50454 165 45833 181 33689 191 69746
 9 70168 16 51431 32 60368 65 141997 66 62857 112 137840 114 68586 141 71997 159 85997 195 57603 198 63758
 1 71420 14 132933 45 83097 89 70073 100 65271 105 119835 116 208133 121 79997 130 66464 137 111921
 14 67356 35 64635 45 103636 95 120860 100 73037 111 81956 115 72167 122 84952 164 57382 192 342448
 3 26855 4 27300 5 39708 22 30709 70 30179 92 27272 102 40621 152 48901 174 57902 175 27511 176 30947
 18 51318 20 67996 24 57447 26 76298 38 64976 44 102381 56 144697 113 53762 117 85263 127 81981 157 95955 168 64163 173 99942 185 73834
 4 67649 10 34560 70 33307 92 43687 104 163292 132 139682 135 37235 148 33713 152 36940 154 32123 169 91949
 11 83171 23 77946 29 118283 43 100817 50 59026 54 169401 82 126154 96 227646 97 95449 118 147489 125 73759 161 438824 166 72427 177 79000 178 81307 188 78832
 15 145427 59 45564 64 76273 73 147276 106 69950 108 139929 129 66617 144 70892 146 61143 165 63334 181 37480 191 62094
 11 242412 23 80966 29 69011 43 214032 54 291234 80 126154 96 93275 118 86885 125 163147 161 146825 166 165401 178 61637
 33 54422 34 35330 42 24267 50 65851 73 50427 97 54117 101 43906 118 42836 149 76132 170 113021 172 53066 188 63804
 14 77350 45 70288 57 75438 88 245287 100 110200 130 128314 143 160349 164 92075 184 62045 187 120757 199 53766
 18 206342 24 79395 46 56476 60 21289 68 45581 87 31274 110 49164 113 99423 128 651899 147 43936 162 56254 168 101692
 8 34984 17 33347 46 34414 52 63833 58 34865 71 29178 94 54881 99 14944 103 42391 142 35271 156 32964 158 22433 167 36366 179 38714
 17 51539 46 34291 52 30537 58 24553 60 47413 71 18452 85 31274 94 30107 99 15208 103 50202 147 75147 156 53732 162 56487
 14 74611 57 107409 84 245287 100 84336 105 67741 121 63177 130 225272 143 411546 164 67034 187 188859
 1 509114 39 91811 40 77553 55 106156 70 54027 75 70073 109 82722 116 89124 133 79947 137 164702 175 74610 194 83150
 7 38740 12 64647 19 33823 53 69221 67 81519 91 31647 123 73019 124 42962 134 54386 155 87055 183 207239 197 39472
 7 39745 12 21978 19 24508 53 22141 67 22810 90 31647 123 23503 134 33474 155 36980 183 27811
 4 34117 10 20451 70 24391 77 27272 79 43687 104 37813 132 34514 152 35074 154 28144 169 31007
 13 296984 21 41061 28 135949 30 48450 61 54348 63 55587 120 50509 131 29843 135 56851 145 57397 148 38750 186 349098 199 50605
 17 61373 46 26592 52 365893 58 83116 60 20233 71 43858 86 54881 87 30107 99 20186 103 75179 156 58926 162 28399
 35 126640 45 85975 76 120860 100 83772 107 65296 111 62341 115 74364 122 57910 164 88912 184 94660 189 74604 192 154218
 11 67698 29 89407 43 72614 50 67489 54 102742 80 227646 82 93275 97 163164 118 357260 125 65468 149 88601 161 250016 166 59665 170 61757 177 109926 178 63248 188 117125
 50 79143 80 95449 83 54117 96 163164 111 54266 118 205496 122 58039 149 186168 161 100233 170 98216 172 70650 177 135073 188 344150
 20 88951 26 61402 36 90730 38 93166 44 76226 48 77463 62 95343 107 59917 117 78070 157 62141 185 139410 189 66142 195 49439 198 53274
 17 20257 52 19131 58 26156 60 15059 71 26497 86 14944 87 15208 94 20186 103 18354 156 20036
 14 128218 45 173592 75 65271 76 73037 84 110200 88 84336 95 83772 130 77591 143 78369 164 118444 184 76227 187 58860 192 68221
 33 186767 34 44339 42 53455 50 34797 73 33698 83 43906 129 34325 138 26921 153 31823 163 15592 170 32292 191 30624
 3 76365 5 38657 22 33836 31 30646 51 29630 77 40621 152 24807 174 71438 176 38875 193 27397
 17 142427 46 33224 52 77300 58 45052 60 26838 71 28514 86 42391 87 50202 94 75179 99 18354 147 31668 156 140506 162 41060
 4 108216 10 42830 70 41145 79 163292 92 37813 132 336679 135 39561 139 38818 152 42287 154 27071 169 172276
 10 63201 14 88005 39 81810 75 119835 88 67741 116 222712 121 232876 130 95874 137 87624 139 76367 143 79500 160 125172 194 119718
 15 61151 59 93499 72 24148 73 56340 81 69950 108 76398 110 51368 129 67826 146 104463 163 14011 181 80737 191 82374
 35 78725 36 165675 41 91687 62 152062 95 65296 98 59917 151 132588 164 120035 184 207393 189 319625
 15 284901 59 43314 64 128768 73 71819 81 139929 106 76398 110 50370 129 49836 136 53585 140 54619 144 97113 146 92728 165 90799 181 40713 191 50141
 1 91608 5 49968 22 64160 27 96590 31 72634 40 180535 55 186203 69 102754 89 82722 133 758941 137 66999 175 122892
 24 88815 59 35534 64 48814 72 19114 85 49164 106 51368 108 50370 128 48731 140 74781 146 92808 168 62731 181 48543
 76 81956 95 62341 97 54266 115 136970 118 58383 122 288712 125 53368 172 77180 177 89318 192 91534
 6 34824 9 84254 16 81893 30 52728 32 55896 65 118754 66 48066 74 137840 114 119132 141 126832 159 81674 171 27848 190 18735 196 24361
 18 156896 24 62008 46 69651 68 83329 78 53762 85 99423 119 50141 126 75257 128 115046 147 32172 162 47848 168 88198 180 50708
 6 47684 9 121070 16 133738 30 60267 32 59180 49 26318 65 88423 74 68586 112 119132 141 1271283 159 82039 171 31371 190 21953
 35 75730 48 65681 76 72167 95 74364 111 136970 122 93973 136 56719 172 70475 177 57316 192 88461
 1 86502 14 94515 39 72832 45 62888 55 56056 75 208133 89 89124 105 222712 121 123227 137 132854 139 61002 160 82961 194 92249
 20 324513 38 260284 44 80196 78 85263 98 78070 127 93457 157 300247 185 98274 195 83328 198 77171
 11 65331 29 71519 50 62819 54 88389 80 147489 82 86885 83 42836 96 357260 97 205496 111 58383 122 66190 125 66293 149 97745 161 179314 166 57549 170 66785 172 60338 177 158614 188 129642
 8 47698 37 130729 47 92355 68 125548 113 50141 126 147192 127 70651 142 80724 167 82705 179 80626 180 150273 195 44780
 13 60303 28 43992 30 79187 32 92565 41 78382 65 55861 66 145433 93 50509 145 406126 151 64283 159 66070 186 47298 199 209310
 10 86731 39 110504 57 72587 75 79997 88 63177 105 232876 116 123227 130 87615 137 73715 139 113428 143 74470 160 253060 194 211406 200 68578
 76 84952 95 57910 97 58039 111 288712 115 93973 118 66190 125 65471 172 67847 177 101751 192 88256
 7 35419 12 55866 19 41915 23 43448 25 56183 53 206216 67 93621 90 73019 91 23503 134 54062 153 29197 155 39958 178 51605 183 108991 197 65207
 2 107221 3 27866 12 126907 27 45573 51 101380 53 49708 67 70701 90 42962 155 38925 183 46634 193 140866 197 50769
 11 254787 43 112384 54 105114 80 73759 82 163147 96 65468 111 53368 118 66293 122 65471 161 84060 166 199144
 8 39050 18 50972 37 115065 46 59906 47 59946 68 709624 113 75257 119 147192 127 69775 128 45672 142 62224 167 66332 179 79300 180 131190
 20 77325 38 73138 47 42417 68 72085 78 81981 117 93457 119 70651 126 69775 157 135119 195 72074 198 59114
 18 300981 24 83135 46 57196 60 20635 68 48432 85 651899 110 48731 113 115046 126 45672 147 41253 162 53909 168 113576
 15 46643 33 40177 42 23092 59 75833 72 23783 73 85155 81 66617 101 34325 106 67826 108 49836 146 42886 163 15776 181 42785 191 257827
 14 85738 45 63369 57 118248 61 50654 75 66464 84 128314 88 225272 100 77591 105 95874 121 87615 143 465488 160 84958 187 130108 200 65884
 13 27880 21 78045 28 34847 49 28271 63 56297 93 29843 135 30443 148 56072 154 29266 186 32082 190 20493
 4 92436 10 45900 61 39426 70 39578 79 139682 92 34514 104 336679 135 44828 139 41009 152 38293 154 27332 169 268965 200 38479
 1 86918 5 53138 22 68198 27 93537 31 76095 40 231158 55 151968 69 94965 70 50582 89 79947 109 758941 175 143519 176 51703
 7 102344 19 77261 25 56984 53 43416 67 38008 90 54386 91 33474 123 54062 138 25108 153 37433 155 37601 183 53711
 13 48334 21 49683 28 45642 61 90066 63 38796 79 37235 93 56851 104 39561 131 30443 132 44828 148 58892 154 24074 169 48396 186 53754 200 59905
 15 64225 26 56930 48 63713 64 82081 108 53585 115 56719 144 115154 150 71753 165 105710 172 56270
 1 190845 39 68572 55 96806 75 111921 89 164702 105 87624 109 66999 116 132854 121 73715 194 72077
 7 26858 19 35520 25 29120 33 23656 34 33199 42 40986 50 19736 101 26921 134 25108 153 55858 163 13671
 4 45791 10 329710 39 146571 57 65290 61 60268 70 50797 104 38818 105 76367 116 61002 121 113428 132 41009 160 166605 169 48340 194 169284 200 89719
 15 52878 24 80990 26 81837 56 95059 64 73185 108 54619 110 74781 144 63436 146 60127 150 80505 165 74734 168 63166 173 114154
 6 46065 9 129756 16 122626 30 62307 32 61497 49 25915 65 95033 74 71997 112 126832 114 1271283 159 87201 171 30660 190 21613
 8 102951 37 129124 46 42387 47 156931 68 57263 86 35271 119 80724 126 62224 158 26244 167 568571 179 136154 180 116267 182 31537 196 28841
 14 77968 57 124442 61 51353 84 160349 88 411546 100 78369 105 79500 121 74470 130 465488 160 74340 187 170912 200 64737
 15 129830 26 55425 64 277348 73 50454 81 70892 108 97113 136 115154 140 63436 146 53980 150 67350 165 405272
 13 70162 28 48313 30 77792 32 86657 41 68740 66 107892 93 57397 120 406126 151 58550 159 60901 186 52993 199 222437
 15 70902 59 50653 64 66805 72 20709 81 61143 106 104463 108 92728 110 92808 129 42886 140 60127 144 53980 165 55922 181 61330 191 46861
 17 30880 18 36307 46 36206 60 41276 85 43936 87 75147 103 31668 113 32172 128 41253 156 31632 162 60504
 13 34410 21 162605 28 39909 61 35679 63 48899 79 33713 93 38750 131 56072 135 58892 154 34614 186 40387
 33 32851 50 91409 83 76132 96 88601 97 186168 118 97745 161 65610 170 203346 172 78347 177 90789 188 359307
 26 275209 44 117207 48 67523 56 86956 64 63784 136 71753 140 80505 144 67350 165 77670 173 121651 185 82365
 36 85222 41 289868 62 101933 66 67378 107 132588 120 64283 145 58550 164 77621 184 84345 189 95148 199 74021
 4 61467 5 40766 40 35850 70 63093 77 48901 79 36940 92 35074 102 24807 104 42287 132 38293 169 38095 174 26908 175 39524
 7 35310 19 72615 25 59782 34 68076 42 34864 50 28567 101 31823 123 29197 134 37433 138 55858
 4 21781 21 30867 79 32123 92 28144 104 27071 131 29266 132 27332 135 24074 148 34614 169 25185
 7 32014 12 51161 53 40134 67 48851 90 87055 91 36980 123 39958 124 38925 134 37601 183 63018 193 34076
 17 1243764 52 56672 58 44914 60 30783 71 27892 86 32964 87 53732 94 58926 99 20036 103 140506 147 31632 162 35582
 20 167293 38 147810 44 72473 56 61007 78 95955 98 62141 117 300247 127 135119 185 78392 195 83479 198 72548
 8 35219 16 23292 47 26600 86 22433 142 26244 167 25310 171 35203 179 22543 182 108617 196 122439
 6 32287 9 187725 16 51006 30 140777 32 177100 65 215077 66 86652 74 85997 112 81674 114 82039 120 66070 141 87201 145 60901
 10 121872 39 108774 57 87065 61 59092 105 125172 116 82961 121 253060 130 84958 139 166605 143 74340 187 61567 194 191718 200 92458
 11 91611 23 70636 29 93183 43 101886 50 55054 54 171994 80 438824 82 146825 96 250016 97 100233 118 179314 125 84060 149 65610 166 77796 170 49681 177 91907 178 69278 188 79906
 17 34910 18 47953 46 84457 52 29899 58 21699 60 26744 68 36481 71 17237 85 56254 87 56487 94 28399 103 41060 113 47848 128 53909 147 60504 156 35582 168 36603
 33 15123 42 18200 59 16448 72 24255 101 15592 106 14011 129 15776 138 13671 181 14830 191 15994
 35 73946 36 75879 45 75397 62 67745 76 57382 84 92075 88 67034 95 88912 100 118444 107 120035 151 77621 184 185200 189 110180 192 59094
 15 110520 26 62879 64 302649 73 45833 81 63334 108 90799 136 105710 140 74734 144 405272 146 55922 150 77670 173 57669
 11 478212 23 74167 43 178412 54 120787 80 72427 82 165401 96 59665 118 57549 125 199144 161 77796
 8 89814 37 153881 46 45764 47 128962 68 60816 86 36366 119 82705 126 66332 142 568571 158 25310 179 178897 180 133789 182 30041 196 27577
 18 147226 24 206619 56 69211 78 64163 85 101692 110 62731 113 88198 128 113576 140 63166 162 36603 173 59384
 4 98974 10 55340 61 44731 70 43157 79 91949 92 31007 104 172276 132 268965 135 48396 139 48340 152 38095 154 25185 200 44393
 33 37115 50 77917 83 113021 96 61757 97 98216 101 32292 118 66785 149 203346 161 49681 172 83399 177 68868 188 129898
 6 47343 16 40640 49 27584 112 27848 114 31371 141 30660 158 35203 182 40128 190 31238 196 43891
 83 53066 97 70650 111 77180 115 70475 118 60338 122 67847 136 56270 149 78347 170 83399 177 86953 188 70941
 24 63632 26 179440 44 135792 56 285300 78 99942 140 114154 150 121651 165 57669 168 59384 185 74899
 3 37726 5 31221 22 26389 31 23948 51 21480 77 57902 102 71438 152 26908 175 21286 176 28301
 1 74518 5 62645 22 67695 27 60435 31 65390 40 375287 55 81695 69 57992 70 75663 77 27511 89 74610 109 122892 133 143519 152 39524 174 21286 176 50695
 3 37062 5 111345 22 201357 27 62893 31 144426 40 52598 51 59731 69 50348 77 30947 102 38875 133 51703 174 28301 175 50695 193 52527
 80 79000 96 109926 97 135073 111 89318 115 57316 118 158614 122 101751 149 90789 161 91907 170 68868 172 86953 188 102733
 23 127851 25 39187 29 192270 43 71642 53 57557 54 78115 80 81307 82 61637 96 63248 123 51605 161 69278 197 112953
 8 61526 37 209716 46 61423 47 79232 68 72567 86 38714 119 80626 126 79300 142 136154 158 22543 167 178897 180 170912 182 25935
 8 54688 37 867742 46 56886 47 92179 68 111414 113 50708 119 150273 126 131190 142 116267 167 133789 179 170912
 15 35674 59 87578 72 30961 73 33689 81 37480 106 80737 108 40713 110 48543 129 42785 146 61330 163 14830 191 50924
 8 44818 16 28673 37 25454 47 33229 142 31537 158 108617 167 30041 171 40128 179 25935 196 333604
 7 36726 12 73455 19 35448 25 39881 53 103830 67 117098 90 207239 91 27811 123 108991 124 46634 134 53711 155 63018 197 48314
 35 105643 36 124616 41 65343 62 98140 84 62045 95 94660 100 76227 107 207393 151 84345 164 185200 189 249656 192 58780
 20 95319 26 100493 38 95460 44 166496 48 68362 56 71821 78 73834 98 139410 117 98274 150 82365 157 78392 173 74899 195 47509 198 48113
 13 211118 21 44055 28 218972 30 49401 61 48216 63 65702 93 349098 120 47298 131 32082 135 53754 145 52993 148 40387 199 46186
 57 162254 61 61378 84 120757 88 188859 100 58860 130 130108 143 170912 160 61567 199 59225 200 71490
 50 94301 80 78832 83 63804 96 117125 97 344150 118 129642 149 359307 161 79906 170 129898 172 70941 177 102733
 35 102619 36 243701 41 72605 48 63509 62 159738 95 74604 98 66142 107 319625 151 95148 164 110180 184 249656
 6 40552 9 20298 16 23872 49 68888 63 21286 112 18735 114 21953 131 20493 141 21613 171 31238
 15 45679 33 34993 59 107363 64 36171 72 25673 73 69746 81 62094 101 30624 106 82374 108 50141 129 257827 146 46861 163 15994 181 50924
 35 77263 45 86605 76 342448 95 154218 100 68221 111 91534 115 88461 122 88256 164 59094 184 58780
 2 83430 3 33212 12 69566 22 46335 27 53420 31 53651 51 357939 67 47342 69 46873 102 27397 124 140866 155 34076 176 52527
 1 72620 4 38911 10 111856 39 228380 70 50503 89 83150 105 119718 116 92249 121 211406 137 72077 139 169284 160 191718 200 65798
 20 94476 38 94526 74 57603 98 49439 117 83328 119 44780 127 72074 157 83479 185 47509 198 283137
 6 24332 8 39518 16 28699 47 30376 112 24361 142 28841 158 122439 167 27577 171 43891 182 333604
 2 61764 12 55840 23 123943 29 71619 43 60860 53 86645 54 57296 67 71022 90 39472 123 65207 124 50769 178 112953 183 48314
 20 92677 38 95004 62 47149 74 63758 98 53274 117 77171 127 59114 157 72548 185 48113 195 283137
 13 59115 30 58296 32 64406 41 86620 66 95279 84 53766 93 50605 120 209310 145 222437 151 74021 186 46186 187 59225
 10 102134 57 125576 61 163699 121 68578 130 65884 132 38479 135 59905 139 89719 143 64737 160 92458 169 44393 187 71490 194 65798
 202 169741 203 58442 217 66807 241 48763 292 160228 297 287405 330 65870 332 143146 338 101206 343 207210 348 55700 365 85028 372 82912 375 49227 377 62059 382 63585
 201 169741 203 63251 241 59326 282 44716 292 82527 297 155553 330 92831 332 77877 338 74077 343 93469 348 67679 365 76813 375 59817 377 66781 382 70589 394 57045
 201 58442 202 63251 207 100470 241 124201 250 44999 253 39298 278 36974 292 50397 297 72579 309 33447 348 176843 365 133938 375 128529 382 589578 396 39334
 233 21914 246 28773 260 24351 293 51668 305 26458 317 30662 321 55084 336 27353 355 24180 397 21571
 206 75011 219 102246 235 70035 238 109854 240 115867 273 73238 320 129894 326 40524 334 67430 342 126772 346 61019
 205 75011 219 273960 225 86703 238 67827 240 94229 264 87514 273 61215 304 49639 320 68233 334 146331 357 53322 358 58220
 203 100470 241 75793 250 45422 253 50409 278 58186 286 22699 309 46260 348 77845 365 63582 375 76624 382 86301 396 45935
 235 92399 252 63478 267 37052 273 58575 290 126576 303 51968 320 53093 342 51189 346 68396 351 108751 374 47408 381 34761 384 38273 393 64376
 210 54229 213 93340 225 57544 231 394632 245 76069 251 108020 259 220961 264 78096 276 80803 288 68071 298 162775 319 58908 358 73152
 209 54229 225 116660 258 53616 259 68819 264 56515 319 334407 330 51211 338 65678 358 183950 372 65284 377 97789 387 68595
 227 37292 266 19373 286 22793 289 24636 318 23189 347 32655 352 23338 378 31262 385 26246 400 24047
 224 49489 237 71424 239 71036 281 85446 310 279468 313 107065 323 89881 331 353681 339 141805 350 79099 354 53251 373 72926
 209 93340 231 118605 236 155470 245 80134 251 84366 259 65729 276 348840 285 59706 287 78002 288 240768 298 194514 307 66305 395 101584
 215 79501 230 39744 244 84910 279 59730 285 75358 287 48824 291 25491 307 48968 328 48185 340 35993 345 58713 362 46525 395 49896
 214 79501 228 52587 229 53740 230 26713 244 49304 279 118928 285 77635 287 65607 291 23676 295 29841 328 120894 341 58994 345 33796 362 109567 395 49384
 232 15144 242 19817 245 60457 252 167390 257 286930 290 54451 296 72700 303 129810 307 54071 337 812658 340 44052 351 46777 356 239461
 201 66807 274 65904 292 112708 312 67667 315 55171 323 58064 332 124525 338 75008 343 98499 360 76538 372 83030 373 70803 387 77537 390 65047 391 311285 399 67399
 221 29902 254 37414 256 22751 284 33475 301 37033 306 70550 322 53363 325 112322 329 38050 333 58918 366 35369 371 116021
 205 102246 206 273960 225 66131 238 79094 240 131203 264 75778 273 72192 304 46757 320 88524 334 120649 342 58596 357 48195
 224 37311 247 20935 266 32906 268 23237 269 32826 270 53052 280 36169 302 93095 349 69239 359 47743 363 40783 368 30377 370 77103 380 157528
 218 29902 256 44972 261 21733 265 17629 306 23388 316 16278 322 20261 325 34820 329 19639 333 20144 371 33378 383 15687
 234 41359 255 54805 263 228838 299 51686 301 51209 311 63698 314 80109 353 66737 361 212514 388 102668 389 69608 392 194622
 226 41637 246 31131 260 28184 263 37433 293 21102 299 78226 311 52763 314 53840 317 25557 344 43547 361 33830 367 25710 386 71275 388 46322 389 59907
 212 49489 220 37311 270 67057 271 47354 302 46577 313 74112 331 48805 350 110564 354 246898 359 68239 370 71947 376 59407 380 40934
 206 86703 209 57544 210 116660 219 66131 258 54253 259 77803 264 91876 304 44058 319 94297 334 73404 357 52532 358 164021 377 58193
 223 41637 254 125286 263 55320 299 76613 301 88485 314 63310 344 60990 366 166179 386 97721 388 71574 389 62739
 211 37292 271 36214 286 21318 289 69163 318 41117 347 86757 352 62319 376 38001 378 63037 385 53612 400 52199
 215 52587 229 44042 243 69164 262 124314 275 62291 279 43616 287 62201 308 287662 328 71165 335 68953 341 39359 362 95637 364 90375
 215 53740 228 44042 249 56091 279 80647 291 25243 295 60827 327 65461 328 80756 335 51244 341 197689 362 62410
 214 39744 215 26713 232 21169 242 24433 244 49674 279 25709 285 27867 291 25993 307 28741 340 49020 345 110397 395 25153
 209 394632 213 118605 236 68390 245 76005 251 127190 259 142838 264 66001 276 101009 288 81352 298 223170 358 63028 395 54718
 216 15144 230 21169 242 59754 244 14850 337 14978 340 20508 345 18507 374 14852 384 15167 393 16037
 204 21914 267 33434 305 20016 321 34762 336 89617 355 133016 374 27688 381 32540 384 31245 393 22237 397 260149
 222 41359 246 29217 263 43889 293 21587 299 33794 311 59527 314 42638 317 20077 326 76700 361 51282 388 39778 389 41851 392 49206
 205 70035 208 92399 240 82443 273 115628 290 143599 303 51573 320 122422 342 98585 346 97460 351 268050 374 33654 393 38605
 213 155470 231 68390 245 74523 257 50815 276 143777 285 82236 287 86994 288 211571 298 94321 307 113316 345 29588 356 52072 395 224452
 212 71424 239 427975 250 70600 271 57544 310 67007 313 51293 315 63294 331 59559 350 74741 354 54171 376 46461 385 32325 390 64240 399 56649 400 36870
 205 109854 206 67827 219 79094 240 61627 304 58418 320 60133 326 50795 334 85209 342 65950 346 42680 357 51464
 212 71036 237 427975 250 82370 271 51673 310 69302 315 74248 331 59155 339 58833 350 65404 385 31013 390 74793 399 65229 400 34879
 205 115867 206 94229 219 131203 235 82443 238 61627 264 68819 273 154017 290 64119 320 223549 334 63202 342 78177 346 51753 351 75783
 201 48763 202 59326 203 124201 207 75793 253 47823 278 33879 282 43650 297 55965 309 36265 348 344611 365 69057 375 3638243 382 131118 396 51279
 216 19817 230 24433 232 59754 252 19392 337 19574 340 27754 345 21990 374 19468 384 19819 393 21808
 228 69164 249 40526 262 146347 275 73015 281 82435 308 60308 310 52374 323 56543 327 30668 331 55800 335 247340 339 59416
 214 84910 215 49304 230 49674 232 14850 279 51652 285 40011 291 35415 328 37205 341 38178 345 63772 362 34294
 209 76069 213 80134 216 60457 231 76005 236 74523 257 75471 264 66313 296 196637 298 101463 303 82810 307 60015 337 61292 356 80122 395 56364
 204 28773 223 31131 234 29217 260 47748 293 64283 299 24453 311 28293 314 24173 317 62419 321 20806 367 22512 389 24956
 220 20935 268 32551 269 47812 272 24415 280 22846 302 18579 349 20258 368 25854 369 17540 380 19215
 265 54611 277 88834 282 160413 283 53393 284 50295 294 67991 300 67060 324 51128 394 70270 398 50717
 229 56091 243 40526 268 20215 270 42401 281 41245 295 66459 327 84274 335 47025 341 46140 363 99314 380 35500
 203 44999 207 45422 237 70600 239 82370 274 107080 278 35226 315 156791 365 53575 373 51129 390 85620 399 102403
 209 108020 213 84366 231 127190 259 84110 276 88763 288 71626 298 90673 312 90596 360 73185 364 79903
 208 63478 216 167390 242 19392 257 122287 273 54309 290 78407 296 69461 303 148567 337 205670 340 36528 351 62802 356 118132 393 39476
 203 39298 207 50409 241 47823 261 41427 278 43313 286 24554 309 103681 316 12805 324 42289 348 42902 375 47463 383 19205 396 192104
 218 37414 226 125286 299 48361 301 95159 314 42136 333 53804 344 63775 366 224412 386 61167 388 46180 389 41805
 222 54805 277 99268 283 118119 284 56409 294 100050 300 104669 353 114367 379 67920 392 53715 398 58831
 218 22751 221 44972 261 30851 306 21345 316 22709 324 20256 325 27911 329 20014 371 27242 383 24030
 216 286930 236 50815 245 75471 252 122287 290 51778 296 90808 303 149797 307 62689 337 264139 340 41868 356 1283975
 210 53616 225 54253 282 46594 283 52060 304 93296 330 60604 334 60252 357 158135 377 64107 379 67111 394 65987
 209 220961 210 68819 213 65729 225 77803 231 142838 251 84110 264 102482 298 95755 319 73982 358 105954
 204 24351 223 28184 246 47748 293 39846 299 20939 311 20991 317 114645 367 38001 386 20260 389 20136
 221 21733 253 41427 256 30851 265 46119 306 28804 309 35316 316 15570 324 50283 325 29141 329 34252 371 29327 383 22267 396 45054
 228 124314 243 146347 275 89088 281 53555 308 102187 323 51175 328 52689 335 119388 362 60489 364 67023
 222 228838 223 37433 226 55320 234 43889 299 65505 301 49932 311 84822 314 122839 353 53705 361 216996 366 47382 388 174303 389 99788 392 133582
 206 87514 209 78096 210 56515 219 75778 225 91876 231 66001 240 68819 245 66313 259 102482 296 66364 334 56727 358 79355
 221 17629 248 54611 261 46119 282 42125 284 54944 294 45309 300 44428 324 373344 329 72693 396 47270 398 53442
 211 19373 220 32906 272 17750 280 51533 289 38733 302 49346 318 89340 347 47629 349 59070 352 52349 359 58858 368 37350 369 101740 378 49053
 208 37052 233 33434 290 28739 336 25239 346 33722 355 36595 374 161025 381 69900 384 301270 393 65631 397 38122
 220 23237 247 32551 249 20215 269 54338 295 21737 302 18810 327 21435 349 18875 363 21359 380 22961
 220 32826 247 47812 268 54338 272 18605 280 26087 302 25639 349 26999 363 22954 368 27045 370 23108 380 29983
 220 53052 224 67057 249 42401 281 50026 302 49024 313 63477 350 48851 354 53675 359 46276 363 68316 370 103441 380 73264
 224 47354 227 36214 237 57544 239 51673 289 73509 350 54271 352 58446 354 57382 376 136015 385 60622 400 87218
 247 24415 266 17750 269 18605 280 25208 302 16124 318 18414 349 18356 368 31213 369 21345 378 15989
 205 73238 206 61215 208 58575 219 72192 235 115628 240 154017 252 54309 290 103813 296 64792 303 65748 320 161739 342 69071 346 54722 351 125213
 217 65904 250 107080 292 65867 315 256767 332 60946 343 59133 365 72942 373 69741 390 138606 399 326636
 228 62291 243 73015 262 89088 308 65877 312 59602 323 86769 335 57566 339 69894 360 76114 364 69348 373 78691 391 71292
 209 80803 213 348840 231 101009 236 143777 251 88763 285 65996 287 97243 288 366010 298 132391 307 63478 364 60165 395 109496
 248 88834 255 99268 282 70516 283 108294 284 63262 294 147673 300 150802 329 44099 353 59924 379 59964 394 52287 398 65512
 203 36974 207 58186 241 33879 250 35226 253 43313 286 36691 309 58898 375 33966 382 34825 383 17918 385 30787 396 36010
 214 59730 215 118928 228 43616 229 80647 230 25709 244 51652 285 47268 287 42785 291 27923 295 39100 327 39053 328 112118 341 107937 345 30925 362 79111
 220 36169 247 22846 266 51533 269 26087 272 25208 302 43241 318 41839 349 64755 359 34708 368 126938 369 75143 370 29383 380 29553
 212 85446 243 82435 249 41245 262 53555 270 50026 310 79323 313 102178 323 60860 331 112556 335 73225 339 77622 350 51503 363 43623
 202 44716 241 43650 248 160413 258 46594 265 42125 277 70516 283 52581 294 51634 300 51364 324 40653 330 63333 394 123346
 248 53393 255 118119 258 52060 277 108294 282 52581 294 71362 300 73228 304 56851 353 58138 357 52814 379 129780 394 49062
 218 33475 248 50295 255 56409 265 54944 277 63262 294 106784 300 103354 306 62261 322 85663 324 47895 325 33602 329 119807 333 60264 353 63570 371 35056 398 1359322
 213 59706 214 75358 215 77635 230 27867 236 82236 244 40011 276 65996 279 47268 287 125495 288 78751 307 79282 328 52203 345 37178 362 58325 395 129646
 207 22699 211 22793 227 21318 253 24554 278 36691 309 32172 316 14865 383 25874 385 27414 396 21812 400 24076
 213 78002 214 48824 215 65607 228 62201 236 86994 276 97243 279 42785 285 125495 288 112241 307 59421 308 68127 328 54936 362 67731 364 62957 395 114760
 209 68071 213 240768 231 81352 236 211571 251 71626 276 366010 285 78751 287 112241 298 107592 307 75111 364 55044 395 156237
 211 24636 227 69163 266 38733 271 73509 318 36181 347 48673 352 147997 359 39462 376 83321 378 40647 385 74786 400 103637
 208 126576 216 54451 235 143599 240 64119 252 78407 257 51778 267 28739 273 103813 303 74096 320 76866 337 58336 342 58492 346 62740 351 301971 356 52082 374 34520 384 29395 393 43165
 214 25491 215 23676 229 25243 230 25993 244 35415 279 27923 295 28773 327 26498 341 28605 345 24923
 201 160228 202 82527 203 50397 217 112708 274 65867 297 137971 332 550822 338 102519 343 539319 365 77543 372 94683 387 72808 391 87976 399 60354
 204 51668 223 21102 234 21587 246 64283 260 39846 305 17541 311 19869 317 60715 321 29114 336 19933 355 19747 367 19454
 248 67991 255 100050 265 45309 277 147673 282 51634 283 71362 284 106784 300 2266461 306 39691 322 50258 324 40760 329 58821 353 78511 379 46070 398 114321
 215 29841 229 60827 249 66459 268 21737 279 39100 291 28773 327 312594 328 34930 335 31894 341 60381 362 30831 363 42655
 216 72700 245 196637 252 69461 257 90808 264 66364 273 64792 298 67860 303 130236 337 75728 356 97513
 201 287405 202 155553 203 72579 241 55965 292 137971 330 58864 332 115784 338 75539 343 151111 348 65940 365 120331 375 56646 382 80175
 209 162775 213 194514 231 223170 236 94321 245 101463 251 90673 259 95755 276 132391 288 107592 296 67860 395 68416
 222 51686 223 78226 226 76613 234 33794 246 24453 254 48361 260 20939 263 65505 311 78170 314 129070 317 19797 344 48740 361 52493 366 52677 367 19625 386 147361 388 104071 389 158405
 248 67060 255 104669 265 44428 277 150802 282 51364 283 73228 284 103354 294 2266461 329 57534 353 80478 379 46856 398 110563
 218 37033 222 51209 226 88485 254 95159 263 49932 306 43989 322 57966 325 30041 333 78623 344 39105 353 64126 366 147638 371 31005 386 46634 388 52610
 220 93095 224 46577 247 18579 266 49346 268 18810 269 25639 270 49024 272 16124 280 43241 349 130097 354 40408 359 90118 368 33200 369 39345 370 91595 380 69821
 208 51968 216 129810 235 51573 245 82810 252 148567 257 149797 273 65748 290 74096 296 130236 337 148656 340 33085 351 62945 356 159267
 206 49639 219 46757 225 44058 238 58418 258 93296 283 56851 326 33890 334 74896 357 209274 379 98085 394 41502
 204 26458 233 20016 293 17541 317 14732 321 31809 336 25452 355 19416 397 18815 526 17725 542 16334
 218 70550 221 23388 256 21345 261 28804 284 62261 294 39691 301 43989 322 146181 325 70897 329 81480 333 99464 371 77797 398 60368
 213 66305 214 48968 216 54071 230 28741 236 113316 245 60015 257 62689 276 63478 285 79282 287 59421 288 75111 337 51635 340 43775 345 38301 356 63280 395 119805
 228 287662 243 60308 262 102187 275 65877 287 68127 328 59978 335 57944 360 57916 362 78547 364 130855
 203 33447 207 46260 241 36265 253 103681 261 35316 278 58898 286 32172 316 13605 348 34005 375 36151 383 21772 396 67679
 212 279468 237 67007 239 69302 243 52374 281 79323 313 79529 323 132239 331 214964 339 272578 350 62436 373 98038 390 71062
 222 63698 223 52763 234 59527 246 28293 260 20991 263 84822 293 19869 299 78170 314 133684 317 20771 326 33995 361 80985 367 17518 386 51079 388 95856 389 136132 392 63596
 217 67667 251 90596 275 59602 319 57719 338 64455 360 273138 364 85091 372 78666 387 108758 391 84491
 212 107065 224 74112 237 51293 270 63477 281 102178 310 79529 331 122007 339 65510 350 99654 354 72185 363 40129 370 45660
 222 80109 223 53840 226 63310 234 42638 246 24173 254 42136 263 122839 299 129070 311 133684 344 36472 361 87579 366 48269 386 71872 388 273412 389 530979 392 66885
 217 55171 237 63294 239 74248 250 156791 274 256767 323 57797 365 59421 373 71288 390 165622 399 295125
 221 16278 253 12805 256 22709 261 15570 286 14865 309 13605 325 12541 371 12414 383 34101 396 12502
 204 30662 223 25557 234 20077 246 62419 260 114645 293 60715 299 19797 305 14732 311 20771 321 20135 367 28560
 211 23189 227 41117 266 89340 272 18414 280 41839 289 36181 347 72944 349 36848 352 45459 359 36220 368 34001 369 94397 378 89619
 209 58908 210 334407 225 94297 259 73982 312 57719 338 73785 358 173244 372 75800 377 88949 387 83587
 205 129894 206 68233 208 53093 219 88524 235 122422 238 60133 240 223549 273 161739 290 76866 342 111471 346 67228 351 99120
 204 55084 233 34762 246 20806 293 29114 305 31809 317 20135 336 53355 355 38323 381 22310 397 33061
 218 53363 221 20261 284 85663 294 50258 301 57966 306 146181 325 48459 329 83977 333 168414 353 52020 371 51555 398 83703
 212 89881 217 58064 243 56543 262 51175 275 86769 281 60860 310 132239 315 57797 331 87794 339 231648 373 254792 390 88590 399 66126
 248 51128 253 42289 256 20256 261 50283 265 373344 282 40653 284 47895 294 40760 329 61697 383 15698 396 53727 398 46751
 218 112322 221 34820 256 27911 261 29141 284 33602 301 30041 306 70897 316 12541 322 48459 329 41740 333 46716 371 799287 398 32965
 205 40524 234 76700 238 50795 304 33890 311 33995 334 32409 342 40971 346 35488 361 34978 392 35855
 229 65461 243 30668 249 84274 268 21435 279 39053 291 26498 295 312594 328 36164 335 34886 341 61091 362 31993 363 48725
 214 48185 215 120894 228 71165 229 80756 244 37205 262 52689 279 112118 285 52203 287 54936 295 34930 308 59978 327 36164 335 50816 341 77656 362 236967
 218 38050 221 19639 256 20014 261 34252 265 72693 277 44099 284 119807 294 58821 300 57534 306 81480 322 83977 324 61697 325 41740 333 56035 371 43853 398 110104
 201 65870 202 92831 210 51211 258 60604 282 63333 297 58864 338 59169 343 52306 377 106350 394 117915
 212 353681 224 48805 237 59559 239 59155 243 55800 281 112556 310 214964 313 122007 323 87794 339 141360 350 72202 373 68685
 201 143146 202 77877 217 124525 274 60946 292 550822 297 115784 338 120243 343 461218 372 112807 387 83737 391 98269
 218 58918 221 20144 254 53804 284 60264 301 78623 306 99464 322 168414 325 46716 329 56035 353 51333 366 57724 371 49340 398 59909
 205 67430 206 146331 219 120649 225 73404 238 85209 240 63202 258 60252 264 56727 304 74896 326 32409 357 80212
 228 68953 229 51244 243 247340 249 47025 262 119388 275 57566 281 73225 295 31894 308 57944 327 34886 328 50816 339 48732 341 41268 362 52733 363 38892
 204 27353 233 89617 267 25239 293 19933 305 25452 321 53355 355 79182 374 21869 381 26777 384 23771 397 71760
 216 812658 232 14978 242 19574 245 61292 252 205670 257 264139 290 58336 296 75728 303 148656 307 51635 340 41913 351 49632 356 230688
 201 101206 202 74077 210 65678 217 75008 292 102519 297 75539 312 64455 319 73785 330 59169 332 120243 343 119394 360 58845 372 355811 377 84417 387 153402 391 73573
 212 141805 239 58833 243 59416 275 69894 281 77622 310 272578 313 65510 323 231648 331 141360 335 48732 373 129425 390 74096
 214 35993 216 44052 230 49020 232 20508 242 27754 252 36528 257 41868 303 33085 307 43775 337 41913 345 60133 356 40783
 215 58994 228 39359 229 197689 244 38178 249 46140 279 107937 291 28605 295 60381 327 61091 328 77656 335 41268 362 58729
 205 126772 208 51189 219 58596 235 98585 238 65950 240 78177 273 69071 290 58492 320 111471 326 40971 346 116773 351 72401 381 31441
 201 207210 202 93469 217 98499 274 59133 292 539319 297 151111 330 52306 332 461218 338 119394 348 45936 365 74974 372 104459 382 53230 387 76760 391 81015
 223 43547 226 60990 254 63775 299 48740 301 39105 314 36472 366 53189 367 21329 386 72794 388 36452 389 37752
 214 58713 215 33796 230 110397 232 18507 236 29588 242 21990 244 63772 279 30925 285 37178 291 24923 307 38301 340 60133 395 32546
 205 61019 208 68396 235 97460 238 42680 240 51753 267 33722 273 54722 290 62740 320 67228 326 35488 342 116773 351 74529 374 38924 381 41885 384 32829 393 39570
 211 32655 227 86757 266 47629 289 48673 318 72944 352 55909 369 41366 376 33069 378 224111 385 34281 400 35300
 201 55700 202 67679 203 176843 207 77845 241 344611 253 42902 297 65940 309 34005 343 45936 365 86119 375 378364 382 204014 396 45014
 220 69239 247 20258 266 59070 268 18875 269 26999 272 18356 280 64755 302 130097 318 36848 359 64118 368 44443 369 51544 370 53791 380 50338
 212 79099 224 110564 237 74741 239 65404 270 48851 271 54271 281 51503 310 62436 313 99654 331 72202 354 156399 376 57208
 208 108751 216 46777 235 268050 240 75783 252 62802 273 125213 290 301971 303 62945 320 99120 337 49632 342 72401 346 74529 374 33744 393 40445
 211 23338 227 62319 266 52349 271 58446 289 147997 318 45459 347 55909 359 49897 369 35708 376 80711 378 47076 385 49725 400 61413
 222 66737 255 114367 263 53705 277 59924 283 58138 284 63570 294 78511 300 80478 301 64126 322 52020 333 51333 361 51527 392 56364 398 66432
 212 53251 224 246898 237 54171 270 53675 271 57382 302 40408 313 72185 350 156399 359 60155 370 55953 376 71502 380 35120 400 35311
 204 24180 233 133016 267 36595 293 19747 305 19416 321 38323 336 79182 374 30001 381 39974 384 33360 393 23504 397 176770
 216 239461 236 52072 245 80122 252 118132 257 1283975 290 52082 296 97513 303 159267 307 63280 337 230688 340 40783
 206 53322 219 48195 225 52532 238 51464 258 158135 283 52814 304 209274 334 80212 379 79728 394 47941
 206 58220 209 73152 210 183950 225 164021 231 63028 259 105954 264 79355 319 173244 377 63867 387 58917
 220 47743 224 68239 266 58858 270 46276 280 34708 289 39462 302 90118 318 36220 349 64118 352 49897 354 60155 368 27330 369 39103 370 75872 376 53675 380 44719
 217 76538 251 73185 275 76114 308 57916 312 273138 338 58845 364 94292 372 70344 387 88778 391 101106
 222 212514 223 33830 234 51282 263 216996 299 52493 311 80985 314 87579 326 34978 353 51527 388 100477 389 75901 392 277409
 214 46525 215 109567 228 95637 229 62410 244 34294 262 60489 279 79111 285 58325 287 67731 295 30831 308 78547 327 31993 328 236967 335 52733 341 58729
 220 40783 249 99314 268 21359 269 22954 270 68316 281 43623 295 42655 313 40129 327 48725 335 38892 370 44695 380 54805
 228 90375 251 79903 262 67023 275 69348 276 60165 287 62957 288 55044 308 130855 312 85091 360 94292
 201 85028 202 76813 203 133938 207 63582 241 69057 250 53575 274 72942 292 77543 297 120331 315 59421 343 74974 348 86119 375 70367 382 142499 399 59948
 218 35369 226 166179 254 224412 263 47382 299 52677 301 147638 314 48269 333 57724 344 53189 386 62351 388 54878
 223 25710 246 22512 260 38001 293 19454 299 19625 311 17518 317 28560 344 21329 386 20435 389 17993
 220 30377 247 25854 266 37350 269 27045 272 31213 280 126938 302 33200 318 34001 349 44443 359 27330 369 52164
 247 17540 266 101740 272 21345 280 75143 302 39345 318 94397 347 41366 349 51544 352 35708 359 39103 368 52164 378 46019
 220 77103 224 71947 269 23108 270 103441 280 29383 302 91595 313 45660 349 53791 354 55953 359 75872 363 44695 380 91351
 218 116021 221 33378 256 27242 261 29327 284 35056 301 31005 306 77797 316 12414 322 51555 325 799287 329 43853 333 49340 398 34366
 201 82912 210 65284 217 83030 292 94683 312 78666 319 75800 332 112807 338 355811 343 104459 360 70344 377 72574 387 258586 391 85352
 212 72926 217 70803 250 51129 274 69741 275 78691 310 98038 315 71288 323 254792 331 68685 339 129425 390 124788 399 86745
 208 47408 232 14852 233 27688 235 33654 242 19468 267 161025 290 34520 336 21869 346 38924 351 33744 355 30001 381 60995 384 195421 393 107678 397 30839
 201 49227 202 59817 203 128529 207 76624 241 3638243 253 47463 278 33966 297 56646 309 36151 348 378364 365 70367 382 136014 396 50736
 224 59407 227 38001 237 46461 271 136015 289 83321 347 33069 350 57208 352 80711 354 71502 359 53675 378 29743 385 48676 400 65703
 201 62059 202 66781 210 97789 225 58193 258 64107 319 88949 330 106350 338 84417 358 63867 372 72574 387 63811 394 60817
 211 31262 227 63037 266 49053 272 15989 289 40647 318 89619 347 224111 352 47076 369 46019 376 29743 400 30596
 255 67920 258 67111 277 59964 283 129780 294 46070 300 46856 304 98085 357 79728 392 45138 394 45706
 220 157528 224 40934 247 19215 249 35500 268 22961 269 29983 270 73264 280 29553 302 69821 349 50338 354 35120 359 44719 363 54805 370 91351
 208 34761 233 32540 267 69900 321 22310 336 26777 342 31441 346 41885 355 39974 374 60995 384 57656 393 41024 397 37072
 201 63585 202 70589 203 589578 207 86301 241 131118 278 34825 297 80175 343 53230 348 204014 365 142499 375 136014
 221 15687 253 19205 256 24030 261 22267 278 17918 286 25874 309 21772 316 34101 324 15698 396 18187
 208 38273 232 15167 233 31245 242 19819 267 301270 290 29395 336 23771 346 32829 355 33360 374 195421 381 57656 393 77007 397 35163
 211 26246 227 53612 237 32325 239 31013 271 60622 278 30787 286 27414 289 74786 347 34281 352 49725 376 48676 400 187461
 223 71275 226 97721 254 61167 260 20260 299 147361 301 46634 311 51079 314 71872 344 72794 366 62351 367 20435 388 68400 389 77997
 210 68595 217 77537 292 72808 312 108758 319 83587 332 83737 338 153402 343 76760 358 58917 360 88778 372 258586 377 63811 391 86370
 222 102668 223 46322 226 71574 234 39778 254 46180 263 174303 299 104071 301 52610 311 95856 314 273412 344 36452 361 100477 366 54878 386 68400 389 188220 392 75942
 222 69608 223 59907 226 62739 234 41851 246 24956 254 41805 260 20136 263 99788 299 158405 311 136132 314 530979 344 37752 361 75901 367 17993 386 77997 388 188220 392 59748
 217 65047 237 64240 239 74793 250 85620 274 138606 310 71062 315 165622 323 88590 339 74096 373 124788 399 240781
 217 311285 275 71292 292 87976 312 84491 332 98269 338 73573 343 81015 360 101106 372 85352 387 86370
 222 194622 234 49206 255 53715 263 133582 311 63596 314 66885 326 35855 353 56364 361 277409 379 45138 388 75942 389 59748
 208 64376 232 16037 233 22237 235 38605 242 21808 252 39476 267 65631 290 43165 346 39570 351 40445 355 23504 374 107678 381 41024 384 77007 397 24176
 202 57045 248 70270 258 65987 277 52287 282 123346 283 49062 304 41502 330 117915 357 47941 377 60817 379 45706
 213 101584 214 49896 215 49384 230 25153 231 54718 236 224452 245 56364 276 109496 285 129646 287 114760 288 156237 298 68416 307 119805 345 32546
 203 39334 207 45935 241 51279 253 192104 261 45054 265 47270 278 36010 286 21812 309 67679 316 12502 324 53727 348 45014 375 50736 383 18187
 204 21571 233 260149 267 38122 305 18815 321 33061 336 71760 355 176770 374 30839 381 37072 384 35163 393 24176
 248 50717 255 58831 265 53442 277 65512 284 1359322 294 114321 300 110563 306 60368 322 83703 324 46751 325 32965 329 110104 333 59909 353 66432 371 34366
 217 67399 237 56649 239 65229 250 102403 274 326636 292 60354 315 295125 323 66126 365 59948 373 86745 390 240781
 211 24047 227 52199 237 36870 239 34879 271 87218 286 24076 289 103637 347 35300 352 61413 354 35311 376 65703 378 30596 385 187461
 429 124516 447 452912 459 66838 467 90595 476 89633 478 64882 500 120252 520 70319 555 62750 574 142554 600 141656
 426 15376 427 15397 442 13534 469 13476 523 327132 564 30694 565 20424 577 26319 594 14877 595 15266
 405 38983 468 32909 481 28028 487 55049 488 23403 527 26458 549 26010 564 17487 566 26198 578 34111 588 103547 596 27622
 414 51225 419 98107 422 75488 426 63655 427 49776 442 75685 469 151450 475 344429 494 133904 498 104159 517 74293 522 102485 529 87434 565 28974 595 65330
 403 38983 412 42003 416 67254 468 21544 481 98220 487 22958 527 77253 537 72466 541 65101 549 72165 563 59551 578 28340 586 61078 588 57690 596 92713
 417 78247 438 124671 455 40051 456 136476 460 36573 462 70261 466 37232 503 139449 507 47131 546 51534 559 67492 568 21308 587 41646
 423 81648 425 60691 441 276787 451 47617 454 85013 471 37602 490 58690 502 83735 510 76447 524 64927 530 105065 550 54274 561 26967
 423 84734 432 71580 473 46229 504 66549 509 63121 510 93670 524 40072 525 43549 530 66092 551 43652 558 55601 589 41106
 412 73517 418 346017 434 39688 444 53979 446 64182 463 40965 472 115926 485 302331 533 34943 540 67460 549 51119 560 51797 597 55720
 430 74730 433 285332 435 116571 437 85220 439 75089 452 165854 474 51705 512 71364 514 77319 532 141650 548 130376 598 114796 599 138249
 415 219723 421 84694 422 55250 424 22843 440 25277 450 68822 470 144423 489 73775 513 105599 528 456280 531 52289 575 56861 580 47335 590 114775
 405 42003 409 73517 418 68744 463 35643 468 22491 472 48617 481 48193 485 62448 488 28022 495 47004 533 35073 538 21142 540 45355 549 59120 566 34693 578 35324 588 32766 597 46065
 433 65721 435 95538 437 96989 445 63573 458 117475 480 100606 545 65435 553 87415 593 168937 598 87646 599 80132
 404 51225 419 71535 442 102192 469 53450 498 81248 517 111572 522 94610 527 50314 563 51715 565 31911 586 67407
 411 219723 421 136935 422 53772 424 25487 440 28354 450 58444 470 91748 489 58579 513 73606 528 149195 529 49547 531 48933 590 85411 594 26669
 405 67254 464 155089 481 164809 492 216377 495 146297 527 204658 537 450747 541 1350252 549 117907 563 180457 586 104764 596 224265 597 98475
 406 78247 438 50628 456 53301 460 51431 462 58662 466 26484 483 75393 503 83504 507 95537 546 50718 559 466202 587 60251
 409 346017 412 68744 434 44811 444 47671 446 56020 463 46289 472 158238 485 627396 533 38326 540 83786 560 54596 597 48066
 404 98107 414 71535 442 73042 445 72530 469 69420 475 84054 498 449211 517 192756 522 99911 593 65410
 429 127166 443 71550 447 69328 477 70160 478 272931 496 126516 499 67458 552 311499 574 80758 583 72276 600 114698
 411 84694 415 136935 422 49227 424 31041 440 35577 450 42962 470 57214 489 43775 513 48050 528 71999 529 45230 590 57760 594 31995
 404 75488 411 55250 415 53772 421 49227 424 20762 427 57063 440 26505 469 62820 470 66420 475 94107 489 77032 494 158797 528 56324 529 549838 590 86172 594 29443 595 50469
 407 81648 408 84734 441 67239 454 52661 490 43283 502 49312 510 185768 524 50213 530 131725 550 47834 581 38263 589 45807
 411 22843 415 25487 421 31041 422 20762 440 61186 528 21769 562 20127 569 20711 590 20320 594 35714
 407 60691 441 61942 451 53222 454 84325 490 73903 502 47025 535 47901 550 51593 561 47231 582 41077
 402 15376 404 63655 427 84834 442 77138 469 109021 475 57953 494 61471 522 70661 523 14753 529 49711 564 15887 565 50503 577 28904 594 26336 595 478791
 402 15397 404 49776 422 57063 426 84834 440 28539 442 42175 469 63223 475 50277 494 63688 522 42420 523 14835 529 58332 565 37123 577 24671 594 37960 595 101855
 461 44558 471 108126 486 399446 502 44352 510 38940 518 51300 524 60534 525 49389 530 40686 558 37537
 401 124516 420 127166 443 58438 447 140109 455 49926 467 73976 476 82639 477 79685 478 117859 496 65611 552 114190 555 63778 574 185483 600 946003
 410 74730 433 75919 439 161940 449 121708 497 220536 532 94403 548 88741 554 103178 592 76385 599 89743
 448 126764 453 65598 459 91323 478 71276 496 77214 499 221674 539 39583 547 43395 557 406565 571 82914 583 271992 592 74560
 408 71580 461 60877 473 61165 483 47999 504 86871 509 384952 510 44357 525 76924 551 104582 558 199724
 410 285332 413 65721 430 75919 435 191197 437 112070 452 105489 458 79658 512 69552 514 76074 532 102862 548 95347 598 172933 599 236909
 409 39688 418 44811 463 265800 472 53156 482 39134 485 44443 508 36991 526 17711 533 88092 538 21397 540 96063 542 19773 560 38379 568 25925
 410 116571 413 95538 433 191197 437 225280 458 131991 512 68993 514 75841 545 71387 593 66856 598 508733 599 198188
 450 35686 505 106690 506 47679 519 46084 531 47034 544 75964 556 24775 562 558983 569 210978 576 30955 580 35599 584 30828
 410 85220 413 96989 433 112070 435 225280 445 70894 458 259424 512 79496 514 88110 545 104502 593 76030 598 318167 599 105469
 406 124671 417 50628 455 48936 456 915215 462 47640 466 38391 482 27789 503 107449 508 39915 546 54618 555 40887 559 46379 568 23573
 410 75089 430 161940 449 171772 452 85397 497 127135 532 132532 548 128827 554 263423 571 101138 591 108476 592 142258
 411 25277 415 28354 421 35577 422 26505 424 61186 427 28539 494 23752 528 24130 529 25517 594 85708
 407 276787 423 67239 425 61942 454 70804 471 42014 490 51589 502 116870 510 68763 524 77954 530 96696 550 46504 561 26853
 402 13534 404 75685 414 102192 419 73042 426 77138 427 42175 469 101286 475 62184 498 87195 517 87979 522 250706 523 13023 564 15073 565 39583 577 25478 595 69593
 420 71550 429 58438 455 51123 473 56702 477 108793 478 56741 504 41869 507 73438 546 86781 552 92790 574 57575 587 178314
 409 53979 418 47671 446 275673 457 128192 464 92760 479 81399 485 49408 491 83769 493 134613 495 87022 567 127215 579 75827 597 126002
 413 63573 419 72530 437 70894 458 92708 470 60444 475 66267 489 96344 498 63326 545 158045 590 62843 593 82355
 409 64182 418 56020 444 275673 457 114382 464 73711 465 59177 472 50046 479 82368 485 58866 491 64388 493 90476 495 75409 560 47862 567 121600 579 70445 597 104419
 401 452912 420 69328 429 140109 459 78329 467 77190 476 110176 478 72917 500 108820 520 65057 552 63177 574 129687 600 164264
 431 126764 453 106887 459 54786 499 99661 511 51405 536 59626 539 49092 547 65815 557 96756 573 68953 583 90701 592 59276
 430 121708 439 171772 459 111725 476 138409 497 161270 500 64755 532 74948 554 182464 571 167941 591 75083 592 122101
 411 68822 415 58444 421 42962 436 35686 474 88812 506 60372 512 62488 513 121878 528 70630 531 147918 562 37911 569 31868 575 152528 580 140200
 407 47617 425 53222 454 101319 490 185286 501 42192 534 40581 535 416445 550 257116 561 36227 572 46557 581 40864 582 117734 585 53999
 410 165854 433 105489 439 85397 474 53042 516 97108 532 237854 536 89695 548 250987 554 76053 573 55704 591 116751 599 79106
 431 65598 448 106887 511 95000 516 85543 536 96892 539 38666 547 72715 557 57069 573 185539 576 53715 591 67830 592 59841
 407 85013 423 52661 425 84325 441 70804 451 101319 490 189039 502 44673 510 44624 530 49546 535 81500 550 116493 561 35437 582 55770
 406 40051 429 49926 438 48936 443 51123 456 49869 467 103201 477 87871 503 52860 508 69876 546 97511 555 225297 570 58701 574 66189
 406 136476 417 53301 438 915215 455 49869 462 48288 466 37278 482 26973 503 121741 507 39765 546 57271 555 41691 559 48672 568 22995
 444 128192 446 114382 465 61680 479 199180 491 77532 493 92324 520 94436 553 71911 567 744701 579 181871 597 64348
 413 117475 433 79658 435 131991 437 259424 445 92708 514 72159 545 132157 593 101499 598 146426 599 81109
 401 66838 431 91323 447 78329 448 54786 449 111725 476 215174 478 90288 496 64172 497 68846 499 77925 554 93224 557 110255 571 266603 583 99101 592 95998 600 76234
 406 36573 417 51431 461 49455 462 54663 466 23793 483 74629 507 39131 518 34334 525 40364 551 37658 558 35965 559 51588
 428 44558 432 60877 460 49455 483 65248 486 45966 509 72293 518 46861 525 210126 551 58517 558 87050
 406 70261 417 58662 438 47640 456 48288 460 54663 466 41235 483 41893 503 48708 507 36396 559 53067
 409 40965 412 35643 418 46289 434 265800 472 52292 482 35535 485 45350 488 24253 526 17835 533 125277 538 23073 540 97374 542 19960 560 35693 566 26511 568 24487
 416 155089 444 92760 446 73711 480 61801 491 95414 492 336368 493 136795 495 224558 515 83884 527 91277 537 118355 541 158075 549 97375 553 65377 563 103418 586 69610 597 185539
 446 59177 457 61680 467 64252 472 52342 479 77215 485 48231 500 62344 508 63596 520 76193 560 113602 567 66997 570 201110
 406 37232 417 26484 438 38391 456 37278 460 23793 462 41235 482 36054 503 30023 526 15890 542 16618 559 25068 568 40169
 401 90595 429 73976 447 77190 455 103201 465 64252 477 80761 500 64335 508 57546 546 59310 555 165552 560 51031 570 75323 574 122645 600 75140
 403 32909 405 21544 412 22491 487 30384 488 49027 533 18910 538 30359 566 46971 578 60650 588 31838
 402 13476 404 151450 414 53450 419 69420 422 62820 426 109021 427 63223 442 101286 475 116694 494 103158 498 77499 517 63834 522 121883 523 12995 529 70380 565 35696 577 23347 595 110738
 411 144423 415 91748 421 57214 422 66420 445 60444 489 147865 513 106420 528 199982 529 63019 545 65838 590 288517
 407 37602 428 108126 441 42014 486 90939 502 63015 510 39526 518 36795 524 88998 525 35018 530 44099
 409 115926 412 48617 418 158238 434 53156 446 50046 463 52292 465 52342 485 187906 508 47697 533 39688 540 112775 560 75682 570 51394
 408 46229 432 61165 443 56702 496 60053 504 150356 507 51130 509 54558 551 68389 552 52469 558 49912 587 58123
 410 51705 450 88812 452 53042 506 68108 512 105721 513 71737 514 94994 531 67257 575 177257 576 40610 580 176422
 404 344429 419 84054 422 94107 426 57953 427 50277 442 62184 445 66267 469 116694 489 68551 494 183787 498 85147 517 63380 522 78983 529 112999 595 60476
 401 89633 429 82639 447 110176 449 138409 459 215174 478 78381 497 88095 499 57923 500 72538 554 88904 557 73132 571 179304 583 68761 592 81229 600 88210
 420 70160 429 79685 443 108793 455 87871 467 80761 503 49084 507 47812 546 122589 552 85302 555 113243 574 98318 587 73571 600 75232
 401 64882 420 272931 429 117859 431 71276 443 56741 447 72917 459 90288 476 78381 496 141266 499 83956 552 145491 557 85675 574 72831 583 94822 600 111089
 444 81399 446 82368 457 199180 465 77215 491 57490 493 63260 500 83130 520 173725 567 224064 570 56440 579 227442
 413 100606 464 61801 491 111474 492 67616 493 74121 515 179613 553 125144 563 67046 586 59939 593 114738
 403 28028 405 98220 412 48193 416 164809 492 97812 495 117997 527 129388 537 155999 541 147597 549 201711 563 94340 586 76269 588 37178 596 209376 597 82689
 434 39134 438 27789 456 26973 463 35535 466 36054 508 26915 526 22803 533 32151 540 28495 542 25453 568 74734
 417 75393 432 47999 460 74629 461 65248 462 41893 507 71994 509 52503 518 29953 525 55051 551 74074 558 58060 559 85092
 501 82639 511 42101 521 26685 534 43522 539 41823 543 69498 547 65887 572 32702 576 41804 581 51048 584 28730 585 52610 589 40997
 409 302331 412 62448 418 627396 434 44443 444 49408 446 58866 463 45350 465 48231 472 187906 533 37133 540 82690 560 59573 597 48417
 428 399446 461 45966 471 90939 502 40062 510 35780 518 58701 524 52668 525 49832 530 37049 558 37001
 403 55049 405 22958 468 30384 488 19558 564 21906 565 19306 566 20531 577 21493 578 24938 588 36115
 403 23403 412 28022 463 24253 468 49027 487 19558 526 15607 533 29159 538 62869 540 22343 542 16962 566 140322 578 71909 588 25658
 411 73775 415 58579 421 43775 422 77032 445 96344 470 147865 475 68551 494 65468 513 68944 528 85113 529 76868 545 90431 590 180731
 407 58690 423 43283 425 73903 441 51589 451 185286 454 189039 535 129975 550 161480 561 39319 572 38855 582 78223 585 41818
 444 83769 446 64388 457 77532 464 95414 479 57490 480 111474 492 92568 493 203003 515 113687 553 207112 567 70897 579 67296 597 73834
 416 216377 464 336368 480 67616 481 97812 491 92568 493 112297 495 157643 515 100660 527 118458 537 161731 541 237451 549 90958 563 148509 586 87455 596 111341 597 121514
 444 134613 446 90476 457 92324 464 136795 479 63260 480 74121 491 203003 492 112297 495 92841 515 85272 553 107066 567 85069 579 69000 597 111652
 404 133904 422 158797 426 61471 427 63688 440 23752 469 103158 475 183787 489 65468 498 58848 529 220554 565 27725 590 62477 594 27120 595 66862
 412 47004 416 146297 444 87022 446 75409 464 224558 481 117997 492 157643 493 92841 527 85571 537 110730 541 138998 549 159714 596 96109 597 271203
 420 126516 429 65611 431 77214 459 64172 473 60053 478 141266 499 111218 504 45229 552 103224 557 88106 583 106088 600 62900
 430 220536 439 127135 449 161270 459 68846 476 88095 500 79271 520 65969 532 70046 554 98413 571 83062 592 74104
 404 104159 414 81248 419 449211 442 87195 445 63326 469 77499 475 85147 494 58848 517 242369 522 127678
 420 67458 431 221674 448 99661 459 77925 476 57923 478 83956 496 111218 539 42785 557 233927 571 66834 583 364563
 401 120252 447 108820 449 64755 465 62344 467 64335 476 72538 479 83130 497 79271 520 159380 570 53885 574 66995 579 79628 600 65845
 451 42192 484 82639 521 25262 534 68230 535 46061 539 42801 543 42673 547 43156 572 48433 581 66285 582 48323 585 136683 589 51194
 407 83735 423 49312 425 47025 428 44352 441 116870 454 44673 471 63015 486 40062 510 56622 524 158210 530 75219
 406 139449 417 83504 438 107449 455 52860 456 121741 462 48708 466 30023 477 49084 507 58929 546 81434 559 74795 587 55974
 408 66549 432 86871 443 41869 473 150356 496 45229 507 43338 509 71820 551 72255 558 62219 587 44260
 436 106690 506 53052 519 38573 521 27385 531 40494 543 37183 544 58424 556 25253 562 95753 569 77779 576 39243 584 39665
 436 47679 450 60372 474 68108 505 53052 511 44691 519 23520 531 76360 544 29662 556 17113 562 49758 569 39023 575 59383 576 60482 580 87045
 406 47131 417 95537 443 73438 456 39765 460 39131 462 36396 473 51130 477 47812 483 71994 503 58929 504 43338 509 43916 546 57373 551 73595 558 44794 559 115635 587 124863
 434 36991 438 39915 455 69876 465 63596 467 57546 472 47697 482 26915 540 41627 546 41752 555 59533 560 99485 570 91354
 408 63121 432 384952 461 72293 473 54558 483 52503 504 71820 507 43916 510 42309 518 29510 525 95014 551 108583 558 411558
 407 76447 408 93670 423 185768 428 38940 432 44357 441 68763 454 44624 471 39526 486 35780 502 56622 509 42309 524 62994 530 222824
 448 51405 453 95000 484 42101 506 44691 516 71835 536 69659 543 38701 547 65698 573 128735 576 123584 591 49023
 410 71364 433 69552 435 68993 437 79496 450 62488 474 105721 513 76429 514 763529 545 74480 575 102048 580 71670 598 79126
 411 105599 415 73606 421 48050 450 121878 470 106420 474 71737 489 68944 512 76429 528 124407 531 67709 575 117800 580 77184 590 77750
 410 77319 433 76074 435 75841 437 88110 458 72159 474 94994 512 763529 545 77727 575 90035 580 65842 598 88235
 464 83884 480 179613 491 113687 492 100660 493 85272 537 78078 541 82380 553 93636 563 106866 586 86631 593 73664
 452 97108 453 85543 511 71835 532 84143 536 435339 548 91083 554 66277 573 130506 576 51037 591 137746 592 75840
 404 74293 414 111572 419 192756 442 87979 469 63834 475 63380 498 242369 522 114522 586 59109 593 56650
 428 51300 460 34334 461 46861 471 36795 483 29953 486 58701 509 29510 524 27768 525 42764 558 31366
 436 46084 505 38573 506 23520 521 23945 531 23903 544 112127 556 42763 562 43630 569 57480 584 30235
 401 70319 447 65057 457 94436 465 76193 479 173725 497 65969 500 159380 567 98016 570 58779 579 141132
 484 26685 501 25262 505 27385 519 23945 534 31810 543 37566 544 25514 556 32405 572 27625 584 88248 585 25279
 404 102485 414 94610 419 99911 426 70661 427 42420 442 250706 469 121883 475 78983 498 127678 517 114522 565 34744 577 23259 595 66291
 402 327132 426 14753 427 14835 442 13023 469 12995 564 28728 565 19260 577 24360 594 14536 595 14662
 407 64927 408 40072 423 50213 428 60534 441 77954 471 88998 486 52668 502 158210 510 62994 518 27768 530 81144
 408 43549 428 49389 432 76924 460 40364 461 210126 471 35018 483 55051 486 49832 509 95014 518 42764 551 61840 558 117504
 305 17725 434 17711 463 17835 466 15890 482 22803 488 15607 533 19310 538 19835 542 165365 568 26038
 403 26458 405 77253 414 50314 416 204658 464 91277 481 129388 492 118458 495 85571 537 374842 541 211876 549 83799 563 259849 586 184819 588 33188 596 327050
 411 456280 415 149195 421 71999 422 56324 424 21769 440 24130 450 70630 470 199982 489 85113 513 124407 531 51639 575 60867 580 49088 590 135872
 404 87434 415 49547 421 45230 422 549838 426 49711 427 58332 440 25517 469 70380 470 63019 475 112999 489 76868 494 220554 590 80624 594 28542 595 53823
 407 105065 408 66092 423 131725 428 40686 441 96696 454 49546 471 44099 486 37049 502 75219 510 222824 524 81144
 411 52289 415 48933 436 47034 450 147918 474 67257 505 40494 506 76360 513 67709 519 23903 528 51639 544 29371 562 50971 569 40538 575 83025 580 107972
 410 141650 430 94403 433 102862 439 132532 449 74948 452 237854 497 70046 516 84143 536 83806 548 1078110 554 106308 591 138102 592 93431 599 86355
 409 34943 412 35073 418 38326 434 88092 463 125277 468 18910 472 39688 482 32151 485 37133 488 29159 526 19310 538 28249 540 60282 542 21863 566 31653 568 23480 578 26099
 451 40581 484 43522 501 68230 521 31810 535 44955 543 36909 550 37214 572 122166 581 34772 582 58013 585 100756
 425 47901 451 416445 454 81500 490 129975 501 46061 534 44955 550 183215 561 35633 572 51895 581 42179 582 155141 585 61521 589 41478
 448 59626 452 89695 453 96892 511 69659 516 435339 532 83806 548 90869 554 73377 573 138312 576 48266 591 164674 592 87780
 405 72466 416 450747 464 118355 481 155999 492 161731 495 110730 515 78078 527 374842 541 470365 549 101136 563 237674 586 132164 588 32120 596 331732
 412 21142 434 21397 463 23073 468 30359 488 62869 526 19835 533 28249 540 20023 542 21799 566 45436 578 33557
 431 39583 448 49092 453 38666 484 41823 499 42785 501 42801 547 60562 581 106011 583 38424 589 117642
 409 67460 412 45355 418 83786 434 96063 463 97374 472 112775 482 28495 485 82690 488 22343 508 41627 533 60282 538 20023 542 16568 560 51647 566 25088
 405 65101 416 1350252 464 158075 481 147597 492 237451 495 138998 515 82380 527 211876 537 470365 549 108787 563 203498 586 110111 596 209640 597 96392
 305 16334 434 19773 463 19960 466 16618 482 25453 488 16962 526 165365 533 21863 538 21799 540 16568 568 28307
 484 69498 501 42673 505 37183 511 38701 521 37566 534 36909 547 39056 556 20201 576 46963 584 46938 585 35354
 436 75964 505 58424 506 29662 519 112127 521 25514 531 29371 556 35437 562 68579 569 106245 584 34419
 413 65435 435 71387 437 104502 445 158045 458 132157 470 65838 489 90431 512 74480 514 77727 590 62778 593 71079 598 79842
 406 51534 417 50718 438 54618 443 86781 455 97511 456 57271 467 59310 477 122589 503 81434 507 57373 508 41752 555 90018 559 50362 574 56522 587 79557
 431 43395 448 65815 453 72715 484 65887 501 43156 511 65698 539 60562 543 39056 573 58078 576 48785 581 52161 589 45000
 410 130376 430 88741 433 95347 439 128827 452 250987 516 91083 532 1078110 536 90869 554 108109 591 156308 592 97472 599 80145
 403 26010 405 72165 409 51119 412 59120 416 117907 464 97375 481 201711 492 90958 495 159714 527 83799 537 101136 541 108787 578 25312 588 34231 596 107204 597 109586
 407 54274 423 47834 425 51593 441 46504 451 257116 454 116493 490 161480 534 37214 535 183215 561 32470 572 40659 581 45141 582 84021 585 51047 589 46554
 408 43652 432 104582 460 37658 461 58517 473 68389 483 74074 504 72255 507 73595 509 108583 525 61840 558 109914 559 52476 587 55749
 420 311499 429 114190 443 92790 447 63177 473 52469 477 85302 478 145491 496 103224 574 82438 587 62180 600 102313
 413 87415 457 71911 464 65377 480 125144 491 207112 493 107066 515 93636 567 65617 579 71463 593 71060
 430 103178 439 263423 449 182464 452 76053 459 93224 476 88904 497 98413 516 66277 532 106308 536 73377 548 108109 571 143298 591 127278 592 290909
 401 62750 429 63778 438 40887 455 225297 456 41691 467 165552 477 113243 508 59533 546 90018 570 60123 574 93656 600 62996
 436 24775 505 25253 506 17113 519 42763 521 32405 543 20201 544 35437 562 23788 569 26692 584 34915
 431 406565 448 96756 453 57069 459 110255 476 73132 478 85675 496 88106 499 233927 571 92684 583 495073 592 74459
 408 55601 428 37537 432 199724 460 35965 461 87050 473 49912 483 58060 486 37001 504 62219 507 44794 509 411558 518 31366 525 117504 551 109914
 406 67492 417 466202 438 46379 456 48672 460 51588 462 53067 466 25068 483 85092 503 74795 507 115635 546 50362 551 52476 587 65159
 409 51797 418 54596 434 38379 446 47862 463 35693 465 113602 467 51031 472 75682 485 59573 508 99485 540 51647 570 148597
 407 26967 425 47231 441 26853 451 36227 454 35437 490 39319 535 35633 550 32470 572 32395 582 38167
 424 20127 436 558983 450 37911 505 95753 506 49758 519 43630 531 50971 544 68579 556 23788 569 178842 575 32205 580 37473 584 29338
 405 59551 414 51715 416 180457 464 103418 480 67046 481 94340 492 148509 515 106866 527 259849 537 237674 541 203498 586 212727 596 153377
 402 30694 403 17487 426 15887 442 15073 487 21906 523 28728 565 23178 577 35238 588 15237 595 15541
 402 20424 404 28974 414 31911 426 50503 427 37123 442 39583 469 35696 487 19306 494 27725 522 34744 523 19260 564 23178 577 67378 595 47031
 403 26198 412 34693 463 26511 468 46971 487 20531 488 140322 533 31653 538 45436 540 25088 578 112121 588 30029
 444 127215 446 121600 457 744701 465 66997 479 224064 491 70897 493 85069 520 98016 553 65617 579 165616
 406 21308 434 25925 438 23573 456 22995 463 24487 466 40169 482 74734 526 26038 533 23480 542 28307
 424 20711 436 210978 450 31868 505 77779 506 39023 519 57480 531 40538 544 106245 556 26692 562 178842 580 31109 584 30182
 455 58701 465 201110 467 75323 472 51394 479 56440 500 53885 508 91354 520 58779 555 60123 560 148597
 431 82914 439 101138 449 167941 459 266603 476 179304 497 83062 499 66834 554 143298 557 92684 583 81384 592 142425
 451 46557 484 32702 490 38855 501 48433 521 27625 534 122166 535 51895 550 40659 561 32395 582 76674 585 71706
 448 68953 452 55704 453 185539 511 128735 516 130506 536 138312 547 58078 576 65438 591 76872 592 58900
 401 142554 420 80758 429 185483 443 57575 447 129687 455 66189 467 122645 477 98318 478 72831 500 66995 546 56522 552 82438 555 93656 600 187751
 411 56861 450 152528 474 177257 506 59383 512 102048 513 117800 514 90035 528 60867 531 83025 562 32205 580 186323
 436 30955 453 53715 474 40610 484 41804 505 39243 506 60482 511 123584 516 51037 536 48266 543 46963 547 48785 573 65438
 402 26319 426 28904 427 24671 442 25478 469 23347 487 21493 522 23259 523 24360 564 35238 565 67378 595 27801
 403 34111 405 28340 412 35324 468 60650 487 24938 488 71909 533 26099 538 33557 549 25312 566 112121 588 39892
 444 75827 446 70445 457 181871 479 227442 491 67296 493 69000 500 79628 520 141132 553 71463 567 165616
 411 47335 436 35599 450 140200 474 176422 506 87045 512 71670 513 77184 514 65842 528 49088 531 107972 562 37473 569 31109 575 186323
 423 38263 451 40864 484 51048 501 66285 534 34772 535 42179 539 106011 547 52161 550 45141 585 52221 589 205375
 425 41077 451 117734 454 55770 490 78223 501 48323 534 58013 535 155141 550 84021 561 38167 572 76674 585 71957
 420 72276 431 271992 448 90701 459 99101 476 68761 478 94822 496 106088 499 364563 539 38424 557 495073 571 81384
 436 30828 484 28730 505 39665 519 30235 521 88248 543 46938 544 34419 556 34915 562 29338 569 30182
 451 53999 484 52610 490 41818 501 136683 521 25279 534 100756 535 61521 543 35354 550 51047 572 71706 581 52221 582 71957 589 44075
 405 61078 414 67407 416 104764 464 69610 480 59939 481 76269 492 87455 515 86631 517 59109 527 184819 537 132164 541 110111 563 212727 596 119659
 406 41646 417 60251 443 178314 473 58123 477 73571 503 55974 504 44260 507 124863 546 79557 551 55749 552 62180 559 65159
 403 103547 405 57690 412 32766 468 31838 481 37178 487 36115 488 25658 527 33188 537 32120 549 34231 564 15237 566 30029 578 39892 596 35563
 408 41106 423 45807 484 40997 501 51194 535 41478 539 117642 547 45000 550 46554 581 205375 585 44075
 411 114775 415 85411 421 57760 422 86172 424 20320 445 62843 470 288517 489 180731 494 62477 513 77750 528 135872 529 80624 545 62778
 439 108476 449 75083 452 116751 453 67830 511 49023 516 137746 532 138102 536 164674 548 156308 554 127278 573 76872 592 154468
 430 76385 431 74560 439 142258 448 59276 449 122101 453 59841 459 95998 476 81229 497 74104 516 75840 532 93431 536 87780 548 97472 554 290909 557 74459 571 142425 573 58900 591 154468
 413 168937 419 65410 435 66856 437 76030 445 82355 458 101499 480 114738 515 73664 517 56650 545 71079 553 71060
 402 14877 415 26669 421 31995 422 29443 424 35714 426 26336 427 37960 440 85708 494 27120 523 14536 529 28542 595 27703
 402 15266 404 65330 422 50469 426 478791 427 101855 442 69593 469 110738 475 60476 494 66862 522 66291 523 14662 529 53823 564 15541 565 47031 577 27801 594 27703
 403 27622 405 92713 416 224265 481 209376 492 111341 495 96109 527 327050 537 331732 541 209640 549 107204 563 153377 586 119659 588 35563
 409 55720 412 46065 416 98475 418 48066 444 126002 446 104419 457 64348 464 185539 481 82689 485 48417 491 73834 492 121514 493 111652 495 271203 541 96392 549 109586
 410 114796 413 87646 433 172933 435 508733 437 318167 458 146426 512 79126 514 88235 545 79842 599 148242
 410 138249 413 80132 430 89743 433 236909 435 198188 437 105469 452 79106 458 81109 532 86355 548 80145 598 148242
 401 141656 420 114698 429 946003 447 164264 459 76234 467 75140 476 88210 477 75232 478 111089 496 62900 500 65845 552 102313 555 62996 574 187751
